Accuracy: 0.4776811133
Sensitivity: 0.4770119288
Specificity: 0.9508670520
