Accuracy: 0.6535996131
Sensitivity: 0.6532221312
Specificity: 0.9205202312
