Accuracy: 0.1172789999
Sensitivity: 0.1160306467
Specificity: 1.0000000000
